0.9776526
1.447886
0.961969
1.268933
0.9747321
1.097405
1.175982
1.113768
1.14801
1.078245
1.129106
1.118482
1.008087
0.9682163
1.085733
1.250579
1.085277
1.331181
1.011924
1.197642
1.09088
0.9684695
1.303227
0.9533046
0.8920001
1.042114
0.8945785
1.070143
0.9571015
-1.487417
1.082475
1.019994
0.9859447
0.7254108
0.9871555
1.079231
0.9579475
1.014565
1.16985
0.9424068
1.25872
0.8672214
0.7972407
1.392394
1.012746
1.033814
1.066934
1.068691
1.268882
1.343739
0.9560495
1.09949
1.063724
1.186172
1.170418
1.139963
0.9658459
1.247252
0.930869
1.097901
1.456135
