-1.106171
-0.9726403
-0.8135275
-0.912617
-0.7918862
-0.9219809
-1.053005
-0.9717422
-1.092366
-0.9278798
-1.068021
-1.022508
-1.014029
-1.105285
-0.7336287
-0.928202
-0.8125836
-0.756353
-1.002835
-0.9675807
-1.01929
-0.9493435
-0.9586282
-0.8892647
-1.066537
-1.070092
-0.8965894
-0.9422702
-0.9547323
-1.487417
-1.037277
-0.9169529
-1.284261
-0.9006898
-0.9429882
-1.0388
-0.9339629
-0.7225524
-0.9622048
-0.8299901
-0.600886
-0.8212741
-0.8802549
-0.7898468
-0.8899548
-1.232026
-0.8060826
-1.035781
-0.831468
-0.8686132
-1.001272
-0.8740411
-0.8194637
-1.158352
-0.861969
-0.7702316
-1.015641
-1.020838
-1.095643
-0.7868809
-0.8362724
