1.388016
1.370638
-0.3393516
1.319342
1.060546
0.8188762
2.068376
0.9712383
1.22795
1.570638
1.366764
3.119688
2.111744
0.3589632
-0.138141
0.9931752
0.7427549
0.5127385
2.404606
0.4356149
1.777237
0.9958582
1.517303
0.2029168
0.5120021
2.227164
-0.4191585
0.8518934
1.35601
-1.022879
0.5177117
1.159565
0.6911169
1.32746
1.709249
1.250153
1.673565
0.2034795
0.9849934
1.738779
0.6487254
2.446343
0.8342788
1.244316
2.470684
1.80072
1.262547
0.315283
1.46145
3.40789
0.4895432
1.377878
0.9771124
1.969472
1.048052
1.602519
1.524126
1.579246
0.8428769
2.706495
0.5669245
