0.06614406
0.1919171
-1.443703
0.8487145
-0.04847236
-0.2425389
1.300804
-0.2772254
0.5960859
-0.04173361
-0.4364219
3.511692
0.9083476
-1.527696
-2.509251
0.157386
-0.5946942
-0.3350903
0.4862284
-0.9210503
-0.1670441
-0.70518
0.4549519
-1.003835
-0.2610188
0.9800201
-1.158635
-1.876968
0.2877093
-1.022879
-0.9731703
-0.1164893
-1.410262
-0.3971932
0.8821756
0.03236168
1.066151
-1.944619
-0.6810443
0.5147109
0.151916
1.028373
0.1902585
-0.03062467
0.9205526
1.951853
-0.5104046
-2.346532
0.9388171
2.51578
-0.4979787
0.16048
-0.7884923
1.309075
-0.5044134
-0.03706472
-0.2731809
-0.1405667
-1.530071
1.849324
-0.5527688
