-1.227871
0.09744796
0.6215991
0.1307303
-1.800601
-0.1460112
0.6746185
0.7903812
-0.1406406
-0.5975267
0.8139985
0.3918992
-1.465759
0.6877812
2.776463
-0.3118205
-0.6108981
-1.153119
-0.5409139
1.299386
-2.17289
-2.159056
-0.7713937
0.6144605
0.5186614
-1.485805
-2.471265
0.6995864
-0.2273901
0.01670008
1.520767
-0.5213273
-0.046181
-2.143097
0.3747577
-1.078246
0.205151
-0.8451654
0.9184901
-0.9145963
-0.04415351
0.8685475
-0.06042727
-0.9160219
0.07235906
-0.8641534
-3.309959
1.133412
0.4660551
-1.332102
-1.195328
-0.1877352
0.01733909
1.461998
-1.770684
-0.5781406
0.5608688
-0.502043
0.1528763
1.636138
0.7242417
