-0.8537778
-0.942421
-0.8396104
-0.8903692
-0.6789431
-0.8114631
-1.004367
-1.046923
-0.9253651
-1.074016
-0.7631199
-0.8597177
-1.098068
-0.9609626
-0.5422762
-0.9710462
-0.7873311
-1.169785
-0.872791
-1.061172
-0.9092797
-1.143616
-1.416312
-0.7252728
-1.170016
-1.040716
-1.224101
-0.9419953
-1.051159
-1.52486
-0.9576105
-0.8955769
-1.178357
-0.2232195
-0.4619575
-1.169945
-0.9598386
-1.064145
-0.6329275
-0.991072
-0.8333375
-0.6189154
-0.7169811
-0.9418078
-0.7444329
-0.8487704
-0.9257685
-0.9993185
-0.8979084
-0.9001922
-0.6193926
-1.160143
-0.4225641
-0.9901023
-0.8829328
-0.8628525
-0.8022422
-0.8418433
-1.170228
-0.7868589
-1.119512
