1.247308
1.004194
0.6536746
1.190776
0.9451692
1.131424
0.9853122
0.9463751
1.089192
0.8889943
1.052069
0.9809003
1.162535
0.8927582
0.7946689
0.9933193
1.161157
1.063427
1.095865
1.24434
1.188961
0.8978767
0.8897792
1.09549
1.06457
0.8540305
0.9284432
1.081527
1.079829
-1.52486
0.9685298
0.9938826
0.9775277
1.086865
1.368683
0.8457975
0.9433775
0.7285798
0.8596893
0.670387
1.457527
1.348458
1.521787
1.140889
1.015784
1.163419
0.9970811
1.053135
0.9564177
0.9529221
0.7186042
1.018195
1.000861
1.143778
1.05296
1.348496
1.022125
1.089053
1.096734
1.000869
1.156666
