1.102276
1.102276
1.102276
1.102276
1.102276
1.102276
1.102276
1.102276
1.102276
1.102276
1.102276
1.102276
1.102276
1.102276
1.102276
1.102276
1.102276
1.102276
1.102276
1.102276
1.102276
1.102276
1.102276
1.102276
1.102276
1.102276
1.102276
1.102276
1.102276
1.102276
1.102276
1.102276
1.102276
1.102276
1.102276
1.102276
1.102276
1.102276
1.102276
1.102276
1.102276
1.102276
1.102276
1.102276
1.102276
1.102276
1.102276
1.102276
1.102276
1.102276
1.102276
1.102276
1.102276
1.102276
1.102276
1.102276
1.102276
1.102276
1.102276
1.102276
1.102276
