-1.853151
1.234269
1.138244
0.3141734
-0.082314
-1.129278
-1.246072
-0.791523
-2.336239
-0.5222467
-0.8750918
-0.6207539
1.430322
-0.3009341
-0.9325423
0.116854
1.657267
0.2828623
-1.074564
1.324919
-0.4343536
1.062918
-1.102712
-0.6407232
1.273143
-1.085628
1.777518
0.1919554
-0.1342685
0.1385236
2.439285
1.563547
-0.6023874
-0.1567895
-0.8477587
0.5600627
-0.1722141
-1.004504
-0.9183559
-0.1269832
-0.2966766
-0.3781047
-1.093686
0.7735083
0.6281388
0.7902126
0.2485949
0.248316
1.197284
1.107691
-0.2135462
0.2056396
-1.307616
0.9790842
-0.05970193
0.2646317
0.2249857
-1.753185
0.3836811
0.02512979
-0.2870447
