-1.390605
-1.390605
-1.390605
-1.390605
-1.390605
-1.390605
-1.390605
-1.390605
-1.390605
-1.390605
-1.390605
-1.390605
-1.390605
-1.390605
-1.390605
-1.390605
-1.390605
-1.390605
-1.390605
-1.390605
-1.390605
-1.390605
-1.390605
-1.390605
-1.390605
-1.390605
-1.390605
-1.390605
-1.390605
-1.390605
-1.390605
-1.390605
-1.390605
-1.390605
-1.390605
-1.390605
-1.390605
-1.390605
-1.390605
-1.390605
-1.390605
-1.390605
-1.390605
-1.390605
-1.390605
-1.390605
-1.390605
-1.390605
-1.390605
-1.390605
-1.390605
-1.390605
-1.390605
-1.390605
-1.390605
-1.390605
-1.390605
-1.390605
-1.390605
-1.390605
-1.390605
