-1.657253
0.929803
1.087794
0.03985656
-0.0656734
-1.289415
-1.472807
-0.6699435
-1.311343
-0.684519
-0.89104
-0.4348592
1.088685
-0.59368
-1.050432
-0.337844
1.448228
0.1294736
-1.135337
0.8780897
-0.07667047
0.1754861
-0.8655724
-0.8160756
1.153072
-0.8274835
1.187878
0.04697512
-0.408371
0.1385236
1.637247
0.4405284
-0.2181601
-0.6751854
-1.390884
-0.01957121
-0.4609903
-0.9144437
-0.7274444
-0.5380388
-0.244678
-0.6048942
-0.5527502
0.637842
0.2249645
0.5095494
0.04869502
-0.01514332
0.6289298
0.9328508
-0.3537621
-0.2614686
-1.371606
0.5374181
-0.2137267
-0.2729521
0.4464468
-1.60896
0.09139701
0.1350241
-0.6156992
