4.608309
5.189126
2.965523
3.869649
0.9143481
1.283304
3.013162
3.967294
4.569762
3.676312
3.904601
3.224597
2.79845
1.0611
2.090007
4.851716
1.165548
4.734201
4.41922
2.805233
3.974544
4.411943
5.040757
3.595487
0.578257
2.477254
2.189262
4.213976
3.65821
-0.6769935
3.101697
2.895941
5.446518
2.728132
2.431391
4.338901
3.829548
3.004269
3.77002
4.518533
1.479611
0.3956103
1.132449
1.453776
2.794945
4.125729
2.464038
3.308793
2.658439
4.274366
1.342811
3.900672
3.415138
2.318736
2.21902
5.270882
1.604844
3.751315
2.689465
3.339394
1.644205
