1.227171
3.380801
0.1287534
0.2460767
-0.566728
-0.8054532
-0.635319
1.118568
1.271104
0.08282417
0.4638525
-0.4692657
-0.935022
-2.419661
-0.4385135
1.174658
-1.308732
1.012461
0.2346802
-0.6849071
-0.636317
0.2680745
0.5105347
1.01977
-0.867996
-0.007384805
-0.4813615
0.3386369
-0.1098937
-0.6769935
0.618575
-0.8519366
1.284729
-0.4888383
-0.1994436
0.5381145
-0.7898772
-0.03467929
-0.6395805
1.217852
-0.5309231
-1.123241
0.00466269
-1.504598
-0.6523057
1.504364
-0.04007467
-0.1304333
-0.0968163
0.9413052
-1.239519
-0.2478039
0.5951434
0.231515
-0.3411287
2.045142
-1.881908
1.290443
0.2185
1.00546
-1.238474
