-2.137992
1.245346
-0.4167317
-0.9986133
0.1674741
0.7938507
-1.310074
1.104002
-0.0645401
0.6110381
0.1255061
1.468726
-0.3289585
-0.7932131
-0.4065901
-0.05532866
-1.102827
0.4607817
-0.07945052
0.06338157
-1.03309
-0.5657619
0.2417145
-0.2124161
0.6539378
0.01833766
0.5230811
0.2331714
0.5062513
-1.256715
1.701257
0.6782486
-0.00366959
1.129428
0.322693
-0.720744
-1.313661
1.021326
1.849438
-1.447249
-0.1914673
0.9017516
0.2559404
-0.2870694
-0.3227434
0.9355821
-0.2569041
1.610698
0.885264
-0.1039228
-0.1395031
-0.002928711
-2.252314
1.764148
0.9720358
-1.062502
-0.28945
-2.330243
-0.8939511
-1.044563
0.01338189
