1.032564
1.273001
1.139962
1.156514
1.504545
1.2039
1.175802
1.182587
1.109567
1.262634
1.10461
1.017825
1.246306
0.9115532
1.278367
0.9742329
1.047124
0.979521
0.9053768
1.162652
1.101196
1.080822
1.095512
0.9511104
1.259533
0.9737647
1.113294
1.02237
1.312185
-1.124139
1.262423
0.9771445
1.10782
1.169464
1.365328
1.041554
1.146414
1.016918
0.9076521
1.311831
1.881191
1.431467
1.803835
1.107689
0.9669962
1.098733
1.132231
1.010749
1.06031
1.081365
1.189046
1.078679
1.112496
1.070798
1.039962
1.03835
1.155525
0.8663501
0.9470982
1.107211
1.12276
