-1.815921
-0.883718
-1.381556
-0.2519293
-0.9452698
-0.1275838
0.0662539
-0.866872
-0.4663879
-1.305996
-0.6852625
-0.334766
0.6768742
-0.7950073
-1.315149
1.098523
-1.647292
0.2307281
-0.9792782
-1.165401
-0.3564067
0.08763064
1.186082
-1.037766
-0.2383907
-1.414873
-0.9051728
0.5724556
-0.8548284
-1.124139
-0.7187041
-0.2983424
0.7661295
0.1690457
1.371659
0.4751072
-0.5037916
-1.185306
-0.9458082
1.664948
0.2168934
-0.03394468
1.095058
-0.8193351
-1.281618
0.6944541
-0.7260355
-1.796731
-0.08798214
-0.06545336
0.1221011
-2.155638
0.5396114
-0.5766751
-0.3499211
-0.4225005
-0.2761235
-1.314055
0.3770672
-0.4399238
0.5985518
