0.9529148
1.847802
0.06745374
1.36001
-0.1171792
-0.03137734
-0.1045316
1.032914
1.246384
1.466195
1.465639
1.33231
1.097564
1.635608
0.1564488
1.624887
0.9910866
0.9950511
0.9566385
0.6609616
1.047999
1.944139
0.7587104
0.9581507
-0.1768791
1.409803
0.2693938
0.4850477
1.467783
-2.54631
0.8556155
0.8348931
0.8685768
1.59545
1.30355
1.489105
1.095727
2.716067
1.119139
0.5408874
0.2490335
0.1417598
-0.0841614
2.000585
1.43063
1.238974
0.9559887
1.272652
1.4408
1.203369
1.364321
1.31364
0.9702552
0.01753835
1.832864
0.7862092
2.505846
0.6542991
0.1065123
1.151333
1.69846
