0.4247798
-0.3434633
0.5425342
1.894365
-2.507719
-1.386081
0.7506382
1.333755
0.5830018
1.840649
3.205765
-0.8314589
0.1940332
1.8527
0.930769
0.2397533
1.141492
1.283776
0.5853972
2.575751
0.1120892
0.9533032
1.589929
0.2698772
-0.9766949
0.444256
0.3182657
0.5280516
0.4053935
-1.033656
1.207733
1.433882
1.529011
-0.5894761
-1.456222
-2.648814
1.426309
0.1329123
1.602155
0.7721167
-2.226981
-1.502123
-1.928776
1.317923
1.975653
1.194583
-0.5662826
-0.183605
1.763763
0.1147698
0.7675844
1.955985
-4.848504
0.8452199
1.257417
0.7945642
-0.5461815
2.092991
0.7549772
1.323541
0.9116194
