-1.315665
-1.707286
-0.8312497
-0.9308361
0.6130056
0.1071352
-0.06571959
-1.488746
-0.3755193
-1.079954
-0.4981576
-0.7837486
-1.182757
-1.451146
0.5423041
-0.6505736
-1.314046
-0.4159622
-1.036455
-1.213068
-0.506152
-0.8148949
-0.4164543
-1.505662
-1.455448
-0.6609235
-0.9279906
-2.092728
-0.574174
-1.805657
-1.77977
-0.2306455
-0.1164666
0.1876935
-0.6676007
0.8125371
-0.7656845
0.03994214
-1.398463
-0.1357336
-0.5452146
0.771695
-1.902616
-0.2367727
-1.22142
-1.280755
-1.17424
-1.648963
-0.8353163
-0.7431635
-0.6043645
-0.4830982
-0.3263755
-0.6400391
-0.3615697
-1.297591
-0.6034781
-0.1963627
-0.5733936
0.009655217
-0.0248835
