-0.2704144
-0.6622171
-0.04848445
0.2766703
1.516811
1.132148
1.285008
1.439844
1.755351
0.8279052
1.048866
0.1763227
0.6307098
-0.3558042
1.313271
1.68287
-0.1170191
1.605113
-0.1871342
-0.1505645
0.4943663
0.1291316
1.900619
-0.3365593
-1.040565
0.6293676
0.2944914
-1.094636
0.4644218
-1.805657
-0.7426983
0.5821226
1.953138
1.314976
0.03217342
2.671913
0.7448965
1.089687
0.08661834
0.9239965
-0.4998196
1.087897
-1.889762
1.742225
-0.263061
0.7259601
-0.2373651
-0.9076363
0.1715268
0.914742
0.4146924
1.222724
1.216217
0.8023826
1.386304
-0.164649
1.074232
0.913268
0.8609355
1.069895
1.237293
