-0.6750135
1.721595
-1.878846
-0.4676642
-0.0005643506
1.106761
-1.0001
-0.1336332
0.4191748
-0.6167179
0.2058424
-2.068159
-0.7641376
0.7343843
-0.3491434
0.3444122
0.0425709
0.6386175
-1.434235
1.230407
-1.767713
-0.5727877
0.02843149
0.05407759
-1.207083
-1.307407
1.202726
-0.5228204
0.5976021
0.5290124
-1.640598
0.1038296
1.002409
0.8192596
-0.8437577
1.043368
-0.502912
-0.5635345
0.8011761
-0.07946987
1.478443
0.01577954
-0.3537869
-0.9958786
0.7867734
-0.1746112
-1.500073
0.1084117
0.08494335
1.409598
0.1897433
1.207026
0.0983756
-0.4006876
0.9155319
2.420605
0.8803034
-1.17426
-0.1860569
0.4322914
1.207258
