-3.098269
-0.8178853
-3.706659
-2.387933
-1.812058
-1.315609
-3.141159
-2.967694
-2.614033
-2.566596
-2.974997
-4.107036
-3.186564
-1.327419
-2.443088
-1.979689
-1.613871
-1.493323
-4.680892
-1.278264
-4.130531
-3.11272
-2.720211
-1.995984
-2.810119
-3.991461
-1.265544
-3.200567
-2.469721
0.5290124
-3.786534
-3.159841
-2.659089
-1.178687
-3.784132
-1.412598
-3.110009
-3.26287
-1.953441
-2.577609
-0.2477671
-1.152185
-1.795701
-3.098875
-1.723245
-2.598088
-3.181832
-2.481422
-2.577711
-0.8973431
-2.218249
-1.45999
-2.617314
-2.351073
-1.674916
-0.7241355
-1.843601
-2.810976
-2.068569
-1.157283
-1.780913
