-0.2396202
0.4186088
-1.043446
-0.2835078
0.750503
0.9644247
0.5299341
1.148413
0.4316853
0.6636087
-1.445051
1.176839
-0.127298
1.358474
1.195573
-1.229304
1.889852
-2.50238
-1.104255
1.407153
-0.289792
0.6341642
0.7558825
-1.193778
-0.1231264
-0.2319725
-1.023413
1.696003
2.197119
0.4516468
-0.6399519
0.3334603
1.527544
-0.4422492
0.3564449
-0.009999873
1.102464
-1.69883
0.3823293
-0.1176859
0.9910645
-1.144422
0.5704153
0.5800855
-0.05854101
-0.3527376
-1.366018
-1.114336
-0.8401366
-0.09662482
1.38082
0.4800935
0.987179
0.1137779
1.81529
0.6443154
-0.304599
1.677682
2.880779
-0.8623961
2.366073
