-0.6240158
0.005395156
-1.272456
-0.9983603
0.6692142
0.7591862
-0.3073862
0.5627375
-0.5731438
0.1169277
-1.850817
1.059913
-0.5578687
1.206923
1.046533
-2.648118
1.447018
-3.23791
-1.289443
1.059903
-0.7848585
0.157472
0.2788074
-1.521824
-0.1670979
-0.5037411
-1.292206
1.566906
1.942782
0.4516468
-1.041955
-0.00998351
0.8052479
-0.6421514
0.1394977
-0.6392066
0.7921464
-2.056652
-0.08198814
-0.3065958
0.7670755
-1.312004
0.496315
0.2282998
-0.2621209
-0.719104
-1.697234
-1.770964
-1.183487
-0.6164912
1.293443
0.2135007
0.909532
-0.4615082
1.746089
0.2124134
-0.7664559
1.546829
2.479803
-1.176133
2.506856
