0.7249847
1.240458
0.2767989
-0.9830721
1.11147
-2.265398
-1.497017
-0.3044692
-0.9313644
0.04329025
-0.05222592
0.4859147
0.3122063
-1.161565
-0.9182026
1.49496
1.569436
-0.02390961
-0.9093206
0.08440907
-0.2365079
0.8583309
-0.4076212
0.117307
0.2248912
-1.697492
0.3286922
-0.7560003
1.897206
-1.477114
0.8816834
-1.909055
1.518714
1.46651
-1.463528
0.4040371
-0.5378598
-1.301321
1.129326
0.57459
-2.432914
2.108516
-0.08725817
0.1887639
-0.04936652
1.209035
0.2490958
0.6906778
-1.163397
-1.129026
-0.00992412
0.1937166
1.261351
0.1056754
0.008051953
0.5151928
0.4996929
-0.4057058
-0.1800764
-0.1937658
0.3044478
