-0.592185
-1.141274
-1.051906
-0.8141447
-0.5190481
-0.9576135
-0.8598263
-1.069167
-0.853896
-0.8554314
-1.03969
-0.9092518
-0.7510725
-1.74553
-0.5646009
-0.8600686
-0.7041748
-0.90144
-0.950556
-0.8948633
-0.7184238
-1.219268
-0.9767987
-0.482911
-0.8851701
-1.587175
-0.6514677
-0.8226341
-1.227748
-1.896657
-1.120581
-0.906959
-1.236397
-0.07856396
-0.4476535
-1.103494
-1.006354
-0.9644803
-0.9383292
-0.8516708
0.7069781
0.3361607
0.08511302
-0.7656218
-0.7301108
-1.004478
-1.228702
-1.228912
-1.12811
-0.6031466
-0.6545724
-0.8288929
-0.808605
-0.918586
-0.9276132
-0.9828306
-0.0183917
-1.092794
-0.977667
-0.8758884
-0.878144
