0.9825369
0.9546729
0.8708448
1.250023
1.567479
1.405146
1.255003
1.261234
1.36942
1.027715
1.654956
1.351323
0.8422394
1.123542
1.307143
1.136071
1.797077
1.153038
1.017008
1.312074
1.376892
1.104998
1.119221
1.16676
1.435338
1.165724
1.487558
1.020996
1.173381
-1.896657
1.117317
1.304424
1.249695
1.791927
1.667439
1.073927
1.167332
0.9485834
1.171547
1.103351
1.883374
1.328633
2.096655
1.376689
1.168386
1.311807
1.347644
1.407988
1.250079
1.417421
1.379299
1.29401
1.217755
1.414072
1.242238
1.196765
1.532115
1.028632
1.259973
1.284873
1.214925
