0.7479089
-0.3376948
0.4999851
1.417974
0.5335456
0.694607
0.8789287
1.237456
1.034547
1.285645
0.8503486
0.7658071
2.017537
2.109116
1.307129
1.319664
1.783009
1.385472
0.7914815
1.34718
2.195546
1.218699
1.354041
1.920441
0.8481916
-0.8631415
-0.1708027
0.8642318
1.234292
-0.5632345
1.55239
0.3223632
-0.4873161
-0.143694
0.2949216
0.5814509
1.215753
0.7252109
1.189156
0.1352215
-0.6833495
-0.4402048
-0.2759273
0.07126455
1.037214
0.9468222
0.9637334
1.259299
1.360473
1.515752
1.410803
1.731999
1.152501
1.378253
-0.9761887
1.011009
-1.296637
0.6095038
0.4106974
1.371116
1.862869
