-0.5753896
-1.078082
0.07589241
-0.3840505
-0.458875
-1.028797
-0.5595078
-0.350505
-0.9777342
-1.411266
-0.6019333
-0.6280571
1.010806
-0.2891983
-0.7085185
-0.3971528
-1.290227
-0.553632
-0.4966804
-1.189602
-0.3645272
-0.8879892
-1.154895
-1.390323
-0.568347
-0.5860609
-0.9203614
-0.8538337
-0.890378
-1.099522
-0.8718896
-1.127602
-1.531588
-0.5240995
-0.2680688
-0.248853
-1.40402
-2.318615
-1.343303
-1.695245
-1.814752
-0.7398982
0.7161562
0.09147756
-0.7740488
-1.072962
-0.3422654
-1.38756
-0.6512612
-0.9044353
-1.162776
-0.3171094
-1.699029
-1.317263
-1.19847
-0.6314119
-0.9079249
-0.4132931
-1.765295
-0.2804718
-0.5510327
