0.4614513
-0.4169166
0.9225093
0.8198044
0.1486357
-0.6154283
0.5250214
1.7126
-0.6987929
-0.7787315
-0.2620825
0.1140373
2.430658
0.6341863
0.005664922
1.131882
-0.7998684
0.1371878
0.6406694
-0.1183828
0.4336208
0.2631157
-0.1681762
-0.6371511
0.2071056
0.02369875
-0.3566983
-0.3683617
-0.4833972
-1.099522
-0.05252933
-0.6323746
-0.1117334
0.4153764
1.038829
0.4364084
-1.104059
-1.945948
-0.7485296
-0.9298577
0.04795559
-0.366616
2.05123
1.162269
-0.2291645
-0.5025955
0.7565089
-0.8805512
0.5409976
-0.01658413
-0.09193696
0.408616
-1.145801
-0.7274466
-0.5724028
0.03950477
0.2081963
0.3547993
-1.461771
0.526187
-0.1563476
