2.061994
2.195752
0.3716406
1.677666
0.05621031
0.4061595
2.164085
1.07925
1.186046
1.318789
0.4854201
1.654563
1.808001
1.496872
0.7566896
2.019117
1.145413
0.7929961
1.577026
1.286012
0.9547302
0.8117211
1.983483
0.03695277
0.5332011
-0.4697651
0.5596694
1.717841
1.768942
1.165533
1.592235
1.319755
0.8993237
-0.8204308
-1.851832
1.173946
0.1693455
1.496712
1.653702
0.4419653
-2.194708
-0.56339
0.8925754
0.7286555
0.9359609
1.578027
1.440043
1.242623
0.9303779
1.27336
0.8905717
-0.1738666
0.1891362
2.82748
1.291262
1.332935
-0.2178373
0.9356723
1.123224
2.808675
0.7968816
