-0.9549792
-0.951343
-0.8525741
-0.7759271
-0.8606627
-1.118971
-0.8863535
-0.8414367
-0.8843638
-1.027128
-1.423292
-0.8026187
-0.5136484
-0.8390248
-1.295992
-1.317685
-0.9281132
-0.7258788
-1.715837
-0.8242572
-0.873718
-0.929982
-0.9793879
-0.7674113
-1.435009
-0.601189
-0.9399704
-0.9431393
-0.5708807
-1.411323
-0.4955992
-1.420338
-0.896508
-1.212102
-0.3575124
-0.677823
-1.082359
-0.04426819
-1.011672
-0.7105684
-0.2650182
-1.09098
-0.7648167
-1.638747
-1.109052
-0.8416764
-0.5862247
-1.261918
-0.5872075
-0.9326303
-0.4582996
-0.5787049
-0.3475807
-0.7769431
-0.3804763
-1.046992
-0.7495504
-0.4131412
-1.268252
-0.8318715
-1.128232
