1.308353
1.385504
1.601024
1.445662
1.448906
1.477012
1.507851
1.438224
1.375727
1.447064
1.473181
1.745607
1.347575
1.095041
1.070829
1.18886
1.367304
1.191463
1.234968
1.630709
1.48546
1.378953
1.31726
1.596414
1.695415
1.127805
1.213191
1.573203
1.594702
-1.411323
1.889707
1.570961
1.349411
1.602384
1.505403
1.45731
1.460992
1.449946
1.379877
1.491127
2.299664
1.393335
1.5194
1.160108
1.335549
1.639233
1.675014
1.432328
1.31025
1.89023
1.225687
1.739188
2.092768
1.795853
1.190267
1.593103
1.499278
1.558135
1.615803
1.541991
1.448765
