-0.9928446
-0.02699705
-0.243896
-0.8415489
-0.05480414
-1.10548
-0.8442498
-0.4811278
-0.6110754
-0.4287623
-1.142358
-0.7828092
-0.874579
-0.8151772
0.5062424
-0.7920213
-0.6352056
-1.52734
-0.6683586
-0.6889582
-0.2964767
-1.550397
-0.5184753
-0.4302351
-0.6267155
-1.705512
-1.605191
0.5116411
-0.6016521
-0.9630411
-0.8577887
-0.6419476
-1.008403
-1.658358
-0.240254
-1.084661
-0.6373029
-0.6662395
-1.216841
-0.8030667
-1.016195
-0.1205021
-0.4384271
-0.8828591
-1.637917
-1.112742
-1.403137
-1.052781
-0.792285
-1.471423
-1.677289
-1.543472
-1.328688
-0.6468589
-1.041494
-0.7438743
-1.477498
-0.5609851
-1.262238
-0.9154959
-0.7304092
