1.442972
-0.4833965
-0.05126034
1.818982
-1.44162
-0.5149185
3.642745
1.432167
1.538723
0.8053246
1.305341
-0.9896615
-1.846375
-0.2670336
1.067962
1.459889
-2.086971
0.9255329
1.38998
0.6063202
1.65704
0.6636528
1.148412
0.6989357
0.9051781
1.457686
-1.62997
-0.1063724
2.215581
1.633743
2.23571
1.175732
0.5435715
0.8846789
0.4610889
1.578783
0.9845451
0.7332647
1.443648
0.3815088
-1.134544
0.7894862
-0.9826305
1.531743
1.29974
0.9402875
-1.327029
0.5735423
0.2910153
2.311734
0.7625573
0.2348466
-0.4155951
2.560362
0.2037937
0.7175919
-0.7713205
2.331097
0.4604911
-0.1226263
-1.093543
