0.7101235
0.8855031
0.5558108
1.136544
0.5907392
-0.2749474
1.735921
0.9894861
1.471556
1.72978
-0.2898341
0.1308565
1.463246
1.080049
2.630755
2.653445
1.132029
-0.1837566
0.5912929
0.5371219
0.7342488
0.9083478
1.133938
0.6524632
-0.06322106
0.0860729
0.1370216
2.093547
0.207677
-0.9630411
0.07741144
0.4249162
2.356721
-0.07285707
1.233876
2.677936
0.4712377
0.6149563
0.7131461
0.6684077
0.09443852
0.4999699
-0.2800967
1.190344
-0.05707792
0.7991205
-0.4694452
0.2534599
0.2829644
-0.1724527
-0.5512845
-0.7099688
-0.3846071
0.7072209
0.4763308
1.209394
0.1839214
0.6706427
0.7861819
-0.1010366
1.009934
