0.8545762
-0.5149587
0.2827645
0.7716915
-1.15583
-0.003477067
1.999574
0.7648127
0.7988749
1.90778
1.342476
1.001137
0.8595412
1.742297
0.8956605
0.4085325
-0.8607402
-1.430409
1.407509
2.183486
1.080148
0.7599303
1.329877
0.8662822
1.062866
-0.5296768
-0.2925389
2.468608
1.356752
0.1020157
1.323969
1.386548
1.190228
0.9930188
0.5503409
0.7978018
-0.1740072
0.4515865
0.2292317
0.8664362
0.1992658
0.2106524
-2.322206
0.6769452
0.6791156
-0.2788667
1.278432
0.795611
0.7817485
1.545972
0.6680662
1.56627
0.4198298
1.913459
0.6300572
1.633187
-1.400396
0.976659
1.142421
-0.7690796
1.108026
