-0.9670014
-0.9860657
-0.6659481
-1.212392
-1.272613
-1.320807
-0.8728411
-1.159648
-0.7274045
-1.025473
-1.018541
-0.9478829
-1.481056
-0.600015
-0.123859
-0.8811344
-1.381245
-1.015299
-1.484211
-1.047407
-0.9024668
-1.01582
-0.6740177
-1.357362
-0.8458539
-0.8248411
-1.513516
-0.9239686
-1.392512
-1.476611
-0.792802
-1.060807
-1.473889
0.122653
-1.274066
-1.101826
-0.9656095
-0.560029
-1.238052
-0.7963215
-0.6815031
-0.6485641
-1.307885
-1.660457
-1.197554
-1.01635
-1.263407
-1.590824
-1.078182
-1.311543
-0.9954622
-0.9187529
-1.101466
-0.6401628
-1.081442
-0.8322915
-0.910439
-0.9256916
-0.8702273
-0.9729016
-0.8450397
