1.096975
1.449869
1.104548
1.561116
1.801654
1.257112
1.235067
1.070183
1.225039
1.072285
1.461449
1.113296
1.313357
1.132147
1.336271
1.089247
1.134486
1.288577
1.223342
1.299104
1.315076
1.034764
0.8962441
0.9366898
1.327273
1.278755
1.191456
1.28601
1.004328
-1.476611
1.354069
1.200731
1.079739
1.362865
1.718232
1.041695
1.389098
0.8494053
1.195031
1.408944
1.821103
1.332334
1.927825
1.211287
0.851416
1.41283
1.091117
0.9977767
1.151666
1.200994
1.243403
1.290552
1.138704
1.515799
1.207752
1.254735
1.119256
1.309034
1.220954
0.9925525
1.512781
