-1.042367
-1.042367
-1.042367
-1.042367
-1.042367
-1.042367
-1.042367
-1.042367
-1.042367
-1.042367
-1.042367
-1.042367
-1.042367
-1.042367
-1.042367
-1.042367
-1.042367
-1.042367
-1.042367
-1.042367
-1.042367
-1.042367
-1.042367
-1.042367
-1.042367
-1.042367
-1.042367
-1.042367
-1.042367
-1.042367
-1.042367
-1.042367
-1.042367
-1.042367
-1.042367
-1.042367
-1.042367
-1.042367
-1.042367
-1.042367
-1.042367
-1.042367
-1.042367
-1.042367
-1.042367
-1.042367
-1.042367
-1.042367
-1.042367
-1.042367
-1.042367
-1.042367
-1.042367
-1.042367
-1.042367
-1.042367
-1.042367
-1.042367
-1.042367
-1.042367
-1.042367
