-1.749314
-1.62058
-0.8150163
-1.623661
-0.3979127
-0.3552838
-0.8541347
-2.334791
-2.731134
-2.19897
-2.973139
-1.826256
-2.024568
-1.602056
-0.6163578
-0.6097119
-0.2088191
-0.2746359
-2.376034
-1.366441
-1.754781
-2.079547
-2.178532
-1.528606
0.04019853
-0.6566949
0.1245543
-1.1765
-0.8280735
-0.7323387
-2.748411
-2.228776
-2.662278
-1.419215
0.02286932
-1.457736
-3.053047
-1.008751
-1.971578
-3.684971
-0.7796613
0.09685179
-2.0996
-1.277135
-0.45947
-1.228659
-4.284232
-1.466833
-0.7383845
-0.3097355
-0.1330191
-1.97086
-1.787335
-1.233761
-1.730119
-1.070345
-1.586792
-2.225553
-1.316813
-0.2210958
-0.4870682
