-0.4868337
-0.5330233
0.2367836
0.5536722
0.7175224
0.4741929
0.6937675
-0.5155991
-1.521831
-0.4918718
-1.465628
0.1008939
-1.187371
-0.3068792
0.4309335
1.15457
0.8150996
1.466693
-0.7827422
0.08200649
-0.04590949
0.6076605
0.02616963
-0.6451434
0.7061387
0.7537871
1.371648
-0.09545747
0.502021
-0.7323387
-0.8784851
-1.009918
-0.7195729
-0.3066307
1.417397
-0.07743576
-1.112199
-0.09281227
-0.2853908
-2.745865
-0.07293444
0.824346
-0.9970878
-0.4358914
0.7468701
0.07338891
-3.012723
-0.3085033
0.9668717
1.151368
1.156858
-0.08612603
-0.7846123
0.1825739
-0.4072672
1.109898
0.3707365
-1.141562
0.2388933
0.9897376
1.165025
