-0.8725879
-1.835993
1.002447
-2.034953
-1.811964
0.6508526
-0.659412
0.9592198
0.06581155
0.7762886
0.888862
-1.48157
0.1938097
-0.790997
-0.7281007
1.054192
0.3770999
1.223079
1.11238
-1.248806
0.1797762
-0.9159433
0.3457206
0.3454566
0.4879451
-0.3914251
0.2460907
-0.2074685
-1.004671
1.471973
-0.05822123
1.192
-0.5578124
0.3774895
0.2336672
-0.5335425
-0.2442459
0.7073005
-1.827216
-1.009842
-0.01307106
-1.093806
0.296164
1.035696
0.2479877
1.521465
-0.2625
-0.2352614
2.014643
-1.652607
1.145616
-0.941527
-0.6800486
-0.783914
1.959145
0.1985876
-0.7435987
-0.5449245
0.05647526
-1.374652
0.5402815
