-0.1834074
2.428022
0.7135837
-0.7258929
-0.4056136
-1.300938
-0.1542078
-0.6944584
-2.074306
0.1241418
-2.217344
-0.5288098
-0.7647564
-0.2422267
0.5104781
-0.7552734
-1.065694
0.2619723
1.331704
-0.1927179
-0.9422851
0.04113346
-2.379104
-0.3176589
0.5021234
-0.8759669
0.1851728
-1.573408
0.5619037
0.03893559
0.2234194
1.453327
-3.194456
-0.1803758
-0.5942359
-0.8396447
-0.8983615
2.789071
0.3917235
-1.232933
-1.174798
-0.1124018
-0.4737861
0.6147151
-1.990547
-0.03610911
-0.5380534
1.35493
1.167992
0.02222194
1.243962
-0.9042656
-0.424927
-1.083131
0.02179905
-1.056715
-0.06951358
-2.910349
0.3292656
0.3402754
1.131703
