-1.125053
-1.994214
1.328441
-2.102339
-1.563174
0.5004674
-0.7356342
0.6178159
-0.003358075
0.4336017
0.278424
-1.364202
0.1792536
-0.9125935
-0.4298545
0.2827596
-0.1316958
0.8564462
0.1963284
-1.550882
-0.3298681
-0.8770133
-0.3184739
0.1744786
0.06247433
-0.5685466
-0.03048956
-0.02324023
-0.5737512
1.471973
-0.1856483
0.8089105
-0.4915254
0.2110737
-0.05539574
-0.4670045
-0.2682175
0.8530806
-1.661597
-1.092733
-0.5353086
-0.9197514
-0.08021008
0.1198399
-0.0158226
1.253864
-0.1297611
-0.06737938
1.38012
-1.956228
0.9295998
-1.04229
-0.4927409
-1.025867
1.542267
0.007274426
-0.5396788
-0.4657324
-0.05667087
-1.172541
0.6019756
