0.7955049
-2.163814
0.1992818
-0.4859887
0.3725004
-0.3221509
-2.802865
-0.267132
-0.9800084
-1.050355
-1.028541
0.5157939
-1.806888
-0.8213836
1.158274
-2.386778
0.9045454
1.784584
-2.281243
0.5877724
-1.615126
-0.6962376
1.008839
-0.3467438
0.3257661
-0.45731
-0.7273218
0.02041322
1.034475
0.3371747
-1.071327
-0.4962352
-0.3185666
-1.127993
0.1595087
-0.3723688
0.4533677
-2.082717
1.308769
0.7601809
-0.1086238
0.6910939
-0.4717754
1.889787
0.1424494
-0.9194836
0.8551926
1.636929
-1.98222
-0.004239646
-1.507585
0.63717
-0.7586119
1.001974
1.062181
0.05185694
0.07898245
0.3111766
0.07131949
1.033729
0.7889388
