1.041091
0.08615633
-0.1821222
0.2492799
0.1080944
-1.735096
-0.02892379
-0.7258785
1.443468
0.3646137
0.827268
-0.8099755
1.68245
-1.27759
-0.5770494
-1.239493
0.03680473
-0.3471284
-0.7126639
0.3112037
1.388527
0.5575467
-0.1524884
0.7531973
0.1777429
-1.475179
-0.9081372
-0.06127653
0.2109997
1.348052
0.2101954
0.2491887
-0.5647278
-1.820965
0.324331
-0.8338422
-0.7590838
0.4178485
-0.3433115
0.5121015
-0.3267756
-1.144529
-1.503174
-1.9036
0.1996051
0.5571034
0.07040962
0.4173475
-1.71069
-0.6105457
0.4655921
0.2974109
0.814432
0.113798
-0.6376588
1.614359
0.6650534
0.1378074
-0.2482041
-0.1581548
-1.986843
