1.116801
0.4937762
-0.1331244
0.9053522
0.1339179
-1.003799
0.9249379
0.2502195
1.719158
0.9829278
1.085993
-0.0914589
1.896429
-0.7443049
0.09456672
0.03627083
0.2719525
0.1978404
0.1551439
0.9609586
1.796786
0.7911835
0.6861884
1.051821
0.8164371
-0.8941004
-0.3770031
0.5112271
0.7030173
1.348052
0.8115574
0.5860675
0.6718553
-1.221652
1.095815
-0.1798728
0.1371804
0.6962606
0.1579601
0.9672611
0.1000595
-0.3009964
-1.385618
-1.199867
0.7626091
1.149355
0.3871156
0.8180034
-0.8865255
-0.1239729
0.7623305
0.882528
1.42125
0.4110204
0.04319304
2.208235
1.470854
0.4335579
0.4634469
0.357607
-1.031783
