0.02351791
-0.1857099
-0.268216
-0.4219343
-0.5779307
2.128449
-1.181841
-2.197886
-3.536824
-0.5963712
0.4288394
-0.09854944
0.05166574
-1.010147
-0.4313387
-1.896211
-0.92352
1.166167
-0.5339996
0.03010313
-0.2046114
-2.406762
-0.7745589
-0.6008143
0.7600951
0.2804924
1.294397
-0.8781491
-0.7194413
0.7531987
-0.5120285
-0.8410723
-0.2270897
-0.2852584
-0.07434361
-0.2828125
0.1418918
-0.1362569
1.15335
-2.166604
1.039029
-1.166176
0.7605071
-0.7322726
0.4610388
-2.177713
-0.6776072
-1.392268
-1.960914
-1.42457
1.582705
0.1213554
-0.3668883
0.6371345
-1.290338
-0.3896473
-2.480685
-1.277309
-1.437715
-1.691025
-0.0300353
