1.110869
-0.2354165
-1.263881
0.622283
-0.6703807
-0.01389511
1.061545
1.870627
-1.332536
-0.8418298
-0.5981917
-0.2989102
-3.171568
0.7015122
-2.427589
-0.2240511
1.21974
0.8779167
0.4553311
-0.6543061
0.4631964
0.5758084
-0.1330142
-1.163256
-0.437504
-1.009283
1.556218
-1.806217
-0.09839043
0.2070362
-0.1041836
-0.08549896
-1.8614
0.1639274
0.6130601
0.4814429
-0.1966712
0.05708846
-2.467941
-0.847481
0.1410832
1.081224
-0.8857596
0.5084893
-0.2755034
-1.549687
-0.7346717
0.3254504
-0.4246358
0.1390389
0.1910152
0.4714603
-1.787944
-0.8184198
-2.554629
-0.9516422
0.05646858
-0.5171458
-0.4874796
0.7917911
0.7839834
