0.398148
0.3970619
0.0488423
0.1629175
-0.2080914
2.370421
-0.2959846
-0.6871706
-3.14982
0.2237935
1.062473
0.7831118
0.8873259
-0.5279628
0.07372713
-0.2058242
-0.5143338
2.198982
-0.1764781
0.5375985
0.3164052
-1.306359
-0.1081124
-0.1748892
1.021969
0.9278538
1.666188
-0.2271473
0.3282245
0.7531987
0.009322333
-0.2311372
0.932407
0.1272044
0.3350574
0.2672773
0.7413003
0.1087417
2.168362
-1.762113
1.050491
-0.9750502
0.8636747
-0.3859197
0.8672125
-1.121992
-0.2167406
-0.8173465
-1.478579
-0.6518859
1.793389
0.918105
0.3743354
1.613911
-0.1998669
0.4683717
-1.819161
-0.9464971
-0.6181354
-1.366063
0.4035002
