0.3678759
-1.031972
-0.06314124
-0.4107991
0.4151852
-0.6406406
0.345186
-0.2903823
-0.4364776
0.08556065
0.8484649
0.9668612
1.229703
0.2630128
1.205323
-0.1494773
0.2401703
0.4438851
1.418225
-0.4858933
0.9084002
0.07991375
-0.1623156
1.108178
1.803235
0.4361543
-0.7371133
-0.2647518
0.2970476
0.5196251
-1.480667
-0.02657297
0.3209012
-1.573547
-0.4600109
-0.1223319
-0.1289624
-1.302049
-0.7157021
-1.185961
-1.514965
-1.288277
0.4145154
-0.6962872
-0.08507718
0.06568793
3.079872
-0.03035826
-0.5907977
0.9942066
-0.2455509
0.4353133
-0.4732707
-0.529441
0.7679864
-0.4281279
0.3590402
0.4279866
-0.02968352
-0.04313054
0.6990885
