1.9965
0.7938611
1.434668
1.325003
1.709467
0.8257561
2.174005
1.782688
1.684477
2.367339
2.802751
1.778303
2.914339
1.562039
2.874249
2.130159
1.833799
2.188305
2.568798
1.7557
2.304942
2.215789
2.226089
2.830035
2.927267
2.043617
1.054275
1.287165
2.394193
0.5196251
1.29683
2.16275
2.261381
0.005816252
0.9173289
2.103236
1.888601
0.4502621
1.904541
0.9012747
-0.3391014
-0.3169904
1.069291
0.7078847
1.671277
1.714672
4.09319
2.225329
1.813546
2.979276
1.247162
2.766406
0.8756692
1.516628
2.410104
1.2156
2.277383
2.199641
2.105048
1.787167
2.267708
