-0.4762039
1.845994
1.009816
-0.07708713
1.882637
0.1401647
0.8415877
1.172767
0.07054487
-2.831865
-0.1106257
0.3810555
-1.282681
0.3247661
0.1463279
-0.1966599
0.3738953
0.1917647
0.494992
0.9732112
-0.5484406
-1.287081
-0.4341709
0.09859506
-0.1401799
0.1547548
0.7155837
0.6666542
0.6208459
1.116762
1.424022
-0.00690211
-0.8520025
-0.63444
0.9224326
1.035964
1.764659
-2.285129
-2.870584
1.176284
-0.2435166
0.608396
0.9226798
0.7684331
0.8696687
-1.781932
1.152056
-3.201719
-0.4597727
1.482425
0.2452749
0.537816
-0.2431603
0.5361513
0.9122027
-0.4897348
-1.142252
-0.9181037
-0.0718324
0.06052347
1.071649
