2.074735
0.9605674
1.787542
2.224949
2.959606
1.14247
1.354138
1.972556
1.92773
2.38211
1.003302
1.160227
1.512279
2.251916
1.549739
2.201353
1.304419
2.121886
1.420518
2.28426
1.787771
2.074593
2.182638
1.603448
1.648649
1.683718
1.138628
1.298619
1.355586
-1.438927
2.583903
1.912548
1.829956
2.531111
1.548017
2.543713
1.636075
2.502726
1.02843
2.244444
2.015564
3.24672
1.501757
1.751052
1.838661
1.539834
4.214857
1.145485
2.460901
1.367198
1.683149
1.932579
2.229103
1.922704
1.9732
1.570811
2.143788
0.8442822
1.570325
2.161648
1.950645
