1.961198
0.8795564
-2.437693
1.184616
0.001422185
-0.08071233
0.3452276
1.177223
-1.59069
-1.398529
0.8692391
2.143685
1.044118
0.5872601
1.471593
1.706125
-0.6567042
0.9341899
0.0232005
1.617783
1.61637
0.3153781
1.193899
0.3706235
0.5327901
0.2105718
-1.361921
0.6230091
1.787572
0.9236975
0.8147649
0.5085198
-0.8377748
1.290184
-0.4750819
1.437508
0.3723265
0.6123378
0.1974585
0.4051109
1.288777
-0.7883088
-0.8962515
0.2564381
0.1656405
1.142023
0.9267714
2.161291
-0.04689041
2.091517
1.823812
0.8642284
-0.1363904
0.815833
-0.1839116
1.155644
0.07809846
-1.851393
0.8173618
-0.9297885
-0.4751929
