-0.983199
-1.005346
-0.8313085
-0.7889038
0.1999383
-0.653966
-0.6255131
-0.7647814
-1.126407
-0.6307483
-0.8532193
-0.57377
-1.616938
-1.055095
-1.035683
-0.9621942
-1.005269
-0.542539
-1.306064
-0.7148189
-1.124028
-1.317663
-0.8769284
-0.8511286
-1.38532
-0.9299632
-1.091432
-0.8667332
-0.8939498
-1.438927
-0.5801122
-0.6937475
-0.775097
-0.276672
-1.692862
-0.6309333
-0.9983755
-0.2348476
-1.009709
-0.453843
0.0215908
0.9016044
-0.7045179
-1.009851
-0.5132754
-0.7112885
0.07661706
-1.399172
-0.4030354
-0.808985
-1.263306
-0.8935394
-1.009278
-0.4960817
-0.5850458
-0.6794288
-0.6130289
-1.086391
-0.8394101
-0.6259319
-0.7461284
